
(1.0, 1.0, 0.0, 1.0, 1.0, 1.0, 1.0, 1.0, 1.0, 1.0, 1.0, 1.0, 1.0, 0.0, 1.0, 1.0, 1.0, 1.0, 0.0, 1.0, 1.0, 1.0, 0.0, 0.0, 1.0, 1.0, 0.0, 0.0, 0.0, 1.0, 1.0, 1.0, 1.0, 0.0, 0.0, 1.0, 1.0, 0.0, 1.0, 1.0, 1.0, 0.0, 0.0, 0.0, 0.0, 0.0, 1.0, 1.0), 
(2.175, 2.924, 1.05, 2.893, 2.761, 1.725, 5.283, 3.507, 3.221, 1.861, 3.227, 4.347, 0.203, 9.238, 1.297, 2.726, 0.24, 3.921, 4.487, 2.33, 8.386, 6.338, 2.736, 3.221, 1.456, 3.627, 4.854, 3.513, 1.017, 2.032, 3.348, 4.474, 1.236, 3.221, 2.006, 2.358, 1.235, 6.598, 1.751, 5.339, 2.505, 1.314, 2.0, 3.758, 0.236, 2.438, 2.002, 4.061), 
(1.0, 1.0, 0.0, 0.0, 1.0, 1.0, 1.0, 1.0, 1.0, 1.0, 1.0, 1.0, 1.0, 1.0, 0.0, 1.0, 1.0, 1.0, 1.0, 1.0, 0.0, 0.0, 1.0, 1.0, 1.0, 1.0, 1.0, 1.0, 1.0, 0.0, 0.0, 1.0), 
(0.906, 2.02, 5.607, 5.729, 2.994, 1.172, 2.464, 2.205, 0.846, 1.939, 2.36, 2.689, 1.362, 1.85, 1.877, 3.849, 3.933, 1.359, 2.03, 2.846, 2.495, 1.627, 2.782, 3.3, 0.781, 5.089, 4.144, 2.999, 0.344, 3.706, 2.356, 3.939), 
(1.0, 1.0, 1.0, 1.0, 1.0, 1.0, 0.0, 1.0, 1.0, 0.0, 0.0, 1.0, 0.0, 0.0, 1.0, 1.0), 
(0.297, 2.751, 1.361, 8.374, 2.345, 2.674, 6.23, 3.487, 1.891, 1.2, 2.625, 3.349, 4.143, 3.276, 0.549, 7.365), 
(1.0, 1.0, 1.0, 0.0, 1.0, 0.0, 1.0, 1.0, 1.0, 0.0, 0.0, 0.0, 0.0, 1.0, 0.0, 1.0, 0.0, 1.0, 1.0, 0.0, 1.0, 0.0, 1.0, 0.0, 1.0, 0.0, 1.0), 
(3.532, 4.667, 3.8, 1.215, 3.335, 4.408, 2.652, 5.143, 3.405, 1.289, 3.268, 2.986, 4.533, 2.796, 2.455, 1.469, 2.536, 7.415, 1.783, 2.944, 2.518, 4.07, 1.286, 3.725, 3.159, 2.534, 6.483), 
(0.0, 0.0, 1.0, 1.0, 1.0, 1.0, 1.0, 0.0, 1.0, 1.0, 0.0, 1.0, 1.0, 1.0, 1.0, 1.0, 1.0, 1.0), 
(0.812, 3.66, 3.647, 2.631, 1.189, 4.55, 3.51, 2.064, 2.959, 1.896, 2.924, 3.705, 3.393, 4.904, 3.284, 3.407, 2.378, 4.983), 
(1.0, 1.0, 1.0, 1.0, 1.0, 1.0, 1.0, 1.0, 1.0), 
(4.002, 5.275, 5.31, 0.986, 1.939, 4.234, 0.906, 7.724, 9.607), 
(1.0, 1.0, 1.0, 1.0, 0.0, 1.0, 0.0, 0.0, 1.0, 1.0, 1.0, 1.0), 
(0.33, 4.095, 5.386, 3.404, 0.986, 4.832, 3.032, 7.14, 3.048, 4.148, 6.067, 4.798), 
(0.0, 1.0, 0.0, 1.0, 1.0, 1.0, 0.0, 1.0), 
(3.14, 7.137, 2.75, 2.611, 0.908, 3.595, 10.135, 3.593), 
(1.0, 1.0, 0.0, 1.0), 
(6.935, 4.128, 3.624, 6.696), 
(1.0, 1.0, 1.0, 1.0, 1.0, 1.0), 
(2.893, 3.252, 1.679, 1.73, 3.397, 3.979), 
(1.0, 1.0, 1.0, 1.0), 
(4.95, 3.725, 4.475, 4.523), 
(1.0, 1.0), 
(1.367, 3.398), 