
(1.0, 1.0, 0.0, 1.0, 0.0, 1.0, 0.0, 1.0, 1.0, 1.0, 0.0, 1.0, 1.0, 1.0, 1.0, 1.0, 1.0, 1.0, 1.0, 0.0, 1.0, 1.0, 1.0, 1.0, 1.0, 1.0, 0.0, 1.0, 1.0, 1.0, 0.0, 1.0, 1.0, 1.0, 1.0, 1.0, 1.0, 1.0, 1.0, 1.0, 1.0, 1.0, 0.0, 1.0, 0.0, 0.0, 1.0, 1.0), 
(1.344, 1.938, 1.891, 2.0, 1.672, 1.937, 2.834, 9.579, 3.876, 1.766, 3.816, 1.922, 4.11, 3.235, 5.25, 2.422, 1.547, 2.847, 2.125, 1.891, 1.673, 1.766, 1.312, 3.282, 1.609, 2.907, 1.781, 1.691, 1.423, 2.156, 4.078, 3.719, 3.157, 2.829, 1.906, 1.943, 1.594, 1.891, 2.625, 2.328, 1.047, 0.844, 0.984, 3.532, 0.938, 4.144, 2.578, 3.579), 
(0.0, 0.0, 0.0, 1.0, 0.0, 1.0, 0.0, 0.0, 1.0, 1.0, 0.0, 1.0, 1.0, 1.0, 1.0, 1.0, 1.0, 1.0, 0.0, 1.0, 1.0, 1.0, 1.0, 1.0, 1.0, 1.0, 0.0, 1.0, 1.0, 1.0, 0.0, 1.0), 
(1.72, 2.032, 4.235, 6.911, 1.015, 5.173, 3.329, 1.906, 0.484, 3.954, 2.144, 2.109, 1.078, 4.313, 2.641, 1.954, 1.031, 2.578, 4.613, 3.391, 1.969, 1.562, 2.86, 2.641, 2.484, 2.642, 1.984, 1.879, 3.735, 4.735, 3.203, 2.923), 
(1.0, 1.0, 0.0, 1.0, 1.0, 1.0, 1.0, 1.0, 1.0, 1.0, 1.0, 1.0, 1.0, 0.0, 1.0, 1.0), 
(2.141, 2.469, 1.598, 1.64, 1.344, 5.423, 2.688, 2.062, 1.782, 1.172, 5.66, 3.078, 1.172, 2.782, 3.25, 2.485), 
(1.0, 1.0, 1.0, 1.0, 1.0, 0.0, 1.0, 1.0, 1.0, 1.0, 1.0, 0.0, 0.0, 1.0, 1.0, 1.0, 1.0, 1.0, 1.0, 1.0, 1.0, 0.0, 0.0, 1.0, 1.0, 1.0, 0.0), 
(1.093, 2.094, 1.969, 1.051, 4.828, 2.594, 2.391, 2.673, 1.516, 2.844, 3.175, 2.22, 2.954, 3.156, 4.157, 0.953, 1.797, 4.579, 2.332, 2.0, 1.578, 1.5, 3.907, 3.422, 2.438, 1.235, 2.91), 
(1.0, 1.0, 1.0, 1.0, 0.0, 1.0, 1.0, 0.0, 1.0, 1.0, 0.0, 1.0, 1.0, 1.0, 1.0, 1.0, 1.0, 1.0), 
(1.516, 2.485, 2.579, 1.922, 5.08, 4.688, 2.581, 2.954, 2.438, 3.704, 4.188, 3.204, 4.738, 2.328, 4.579, 3.001, 3.969, 3.892), 
(1.0, 0.0, 1.0, 1.0, 1.0, 1.0, 1.0, 1.0, 1.0), 
(2.582, 3.391, 3.203, 2.079, 5.798, 2.657, 2.503, 6.033, 3.359), 
(1.0, 1.0, 1.0, 1.0, 1.0, 1.0, 1.0, 0.0, 0.0, 1.0, 1.0, 1.0), 
(1.547, 4.204, 3.329, 3.16, 1.25, 1.953, 2.563, 4.547, 2.329, 1.813, 1.672, 2.891), 
(1.0, 1.0, 1.0, 1.0, 1.0, 1.0, 0.0, 1.0), 
(1.551, 4.454, 1.86, 2.329, 3.094, 3.11, 1.828, 1.751), 
(1.0, 1.0, 1.0, 1.0), 
(2.129, 4.454, 2.594, 3.766), 
(1.0, 1.0, 1.0, 1.0, 1.0, 1.0), 
(1.844, 0.969, 1.594, 1.798, 3.456, 2.938), 
(0.0, 1.0, 0.0, 1.0), 
(2.235, 2.75, 2.61, 3.094), 
(1.0, 1.0), 
(1.86, 4.813), 