
(1.0, 1.0, 0.0, 1.0, 1.0, 1.0, 1.0, 1.0, 1.0, 1.0, 0.0, 1.0, 1.0, 1.0, 0.0, 1.0, 1.0, 1.0, 1.0, 1.0, 1.0, 1.0, 1.0, 1.0, 1.0, 1.0, 1.0, 1.0, 0.0, 1.0, 0.0, 1.0, 1.0, 1.0, 1.0, 0.0, 1.0, 1.0, 1.0, 1.0, 1.0, 1.0, 0.0, 1.0, 1.0, 1.0, 1.0, 1.0), 
(4.6, 5.815, 9.85, 10.384, 9.266, 6.156, 9.532, 2.877, 3.673, 13.053, 14.973, 8.953, 8.445, 7.135, 7.829, 4.129, 3.312, 5.672, 11.681, 4.936, 10.325, 12.989, 7.297, 4.765, 12.176, 20.777, 8.366, 6.827, 10.558, 15.933, 4.576, 14.257, 17.201, 4.429, 6.437, 17.245, 8.66, 6.337, 11.453, 3.555, 12.366, 9.231, 13.798, 10.781, 5.12, 8.844, 3.861, 10.773), 
(1.0, 1.0, 1.0, 0.0, 1.0, 1.0, 1.0, 1.0, 1.0, 1.0, 1.0, 1.0, 1.0, 1.0, 1.0, 1.0, 1.0, 1.0, 1.0, 1.0, 0.0, 1.0, 1.0, 1.0, 1.0, 1.0, 1.0, 1.0, 1.0, 1.0, 0.0, 1.0), 
(5.229, 14.337, 19.109, 10.796, 4.649, 13.945, 4.032, 9.563, 16.353, 11.482, 14.297, 4.124, 4.437, 4.235, 12.314, 7.739, 8.862, 6.037, 6.059, 8.253, 4.036, 20.53, 19.95, 6.601, 4.551, 14.474, 6.227, 5.377, 5.613, 5.149, 19.193, 3.347), 
(1.0, 1.0, 1.0, 1.0, 1.0, 1.0, 1.0, 1.0, 1.0, 1.0, 1.0, 1.0, 1.0, 1.0, 1.0, 1.0), 
(10.63, 7.069, 5.347, 16.589, 7.101, 8.013, 10.4, 8.297, 6.025, 11.02, 8.581, 6.968, 14.542, 12.636, 3.637, 9.112), 
(1.0, 1.0, 0.0, 1.0, 0.0, 0.0, 1.0, 1.0, 1.0, 1.0, 0.0, 0.0, 0.0, 1.0, 1.0, 1.0, 1.0, 1.0, 1.0, 1.0, 1.0, 0.0, 0.0, 0.0, 1.0, 1.0, 1.0), 
(6.093, 13.501, 16.506, 3.931, 5.765, 7.517, 9.984, 10.514, 8.439, 14.502, 10.16, 11.524, 10.268, 16.893, 10.022, 6.179, 11.35, 7.107, 9.493, 15.579, 18.249, 10.556, 8.341, 15.225, 13.968, 6.065, 5.301), 
(1.0, 1.0, 1.0, 1.0, 1.0, 1.0, 1.0, 1.0, 1.0, 1.0, 1.0, 1.0, 1.0, 0.0, 1.0, 1.0, 0.0, 1.0), 
(4.816, 5.852, 14.702, 11.96, 8.833, 7.912, 10.394, 9.9, 8.085, 6.743, 3.837, 6.009, 11.432, 12.881, 9.304, 10.67, 8.396, 4.132), 
(1.0, 0.0, 1.0, 1.0, 1.0, 1.0, 1.0, 1.0, 1.0), 
(7.401, 18.33, 8.861, 9.004, 8.165, 10.312, 12.81, 21.54, 10.277), 
(1.0, 1.0, 1.0, 1.0, 1.0, 1.0, 1.0, 0.0, 1.0, 1.0, 1.0, 1.0), 
(5.733, 10.508, 10.594, 5.691, 4.689, 5.981, 9.435, 12.098, 7.768, 6.38, 15.709, 5.441), 
(1.0, 1.0, 1.0, 1.0, 1.0, 1.0, 0.0, 1.0), 
(7.825, 10.496, 6.249, 9.42, 7.485, 6.943, 4.693, 4.532), 
(1.0, 1.0, 0.0, 1.0), 
(6.459, 6.729, 7.813, 8.496), 
(1.0, 1.0, 1.0, 1.0, 0.0, 1.0), 
(7.325, 4.853, 5.887, 11.03, 4.041, 5.155), 
(1.0, 1.0, 1.0, 1.0), 
(3.552, 3.905, 6.609, 3.56), 
(1.0, 1.0), 
(4.263, 5.137), 