
(0.0, 1.0, 0.0, 1.0, 1.0, 0.0, 1.0, 1.0, 1.0, 1.0, 1.0, 1.0, 1.0, 1.0, 0.0, 1.0, 0.0, 1.0, 0.0, 0.0, 1.0, 1.0, 0.0, 1.0, 1.0, 1.0, 1.0, 0.0, 0.0, 1.0, 0.0, 1.0, 1.0, 1.0, 0.0, 1.0, 1.0, 1.0, 1.0, 1.0, 1.0, 0.0, 1.0, 1.0, 1.0, 1.0, 1.0, 1.0), 
(2.151, 4.485, 3.728, 2.154, 6.129, 2.923, 2.962, 2.581, 2.128, 2.828, 2.015, 3.224, 0.454, 5.326, 2.657, 4.186, 4.043, 1.692, 11.781, 1.896, 0.31, 12.26, 3.077, 3.527, 2.153, 7.409, 1.32, 2.721, 2.47, 2.769, 3.205, 3.207, 3.602, 2.496, 3.056, 2.907, 2.493, 3.12, 4.279, 1.662, 2.991, 5.959, 1.336, 1.952, 2.965, 2.842, 2.342, 3.998), 
(1.0, 1.0, 1.0, 1.0, 1.0, 1.0, 1.0, 1.0, 1.0, 1.0, 1.0, 1.0, 1.0, 1.0, 1.0, 1.0, 1.0, 1.0, 1.0, 1.0, 0.0, 1.0, 1.0, 1.0, 1.0, 0.0, 1.0, 1.0, 1.0, 0.0, 1.0, 1.0), 
(3.683, 2.535, 2.37, 1.973, 2.801, 3.48, 2.672, 4.941, 2.992, 5.409, 1.84, 4.502, 2.465, 3.889, 6.262, 4.601, 1.933, 3.727, 6.044, 3.979, 2.712, 3.198, 3.167, 3.618, 3.192, 2.135, 5.649, 2.501, 2.145, 5.624, 2.604, 1.869), 
(1.0, 1.0, 1.0, 1.0, 0.0, 1.0, 1.0, 1.0, 1.0, 0.0, 0.0, 1.0, 0.0, 1.0, 1.0, 0.0), 
(3.45, 3.408, 2.674, 1.989, 10.696, 3.377, 7.45, 3.056, 3.197, 2.833, 2.528, 2.576, 2.134, 3.748, 2.057, 3.375), 
(1.0, 0.0, 1.0, 1.0, 1.0, 0.0, 1.0, 1.0, 1.0, 1.0, 1.0, 0.0, 0.0, 1.0, 0.0, 1.0, 1.0, 1.0, 0.0, 1.0, 0.0, 0.0, 1.0, 1.0, 0.0, 0.0, 1.0), 
(3.761, 5.902, 2.542, 4.973, 1.974, 5.145, 1.221, 7.839, 2.725, 2.588, 4.899, 3.058, 3.71, 4.246, 2.405, 2.325, 4.385, 3.946, 1.661, 3.285, 6.699, 3.123, 4.253, 3.004, 6.141, 4.833, 3.985), 
(1.0, 1.0, 1.0, 0.0, 1.0, 1.0, 1.0, 0.0, 1.0, 1.0, 1.0, 0.0, 1.0, 1.0, 1.0, 1.0, 0.0, 1.0), 
(3.182, 12.197, 5.81, 2.919, 1.524, 3.001, 3.272, 4.75, 3.745, 2.173, 5.542, 3.573, 3.475, 3.527, 1.726, 6.255, 3.189, 1.825), 
(0.0, 0.0, 1.0, 1.0, 0.0, 0.0, 1.0, 1.0, 1.0), 
(2.071, 2.772, 2.476, 2.417, 2.334, 2.558, 2.421, 3.293, 2.366), 
(1.0, 1.0, 1.0, 1.0, 1.0, 1.0, 0.0, 0.0, 1.0, 1.0, 1.0, 1.0), 
(4.124, 3.116, 4.119, 2.654, 1.757, 3.977, 1.498, 3.472, 2.384, 2.419, 2.531, 3.235), 
(0.0, 1.0, 1.0, 1.0, 1.0, 1.0, 1.0, 1.0), 
(5.828, 3.395, 4.283, 3.448, 2.461, 2.157, 4.569, 2.526), 
(1.0, 1.0, 0.0, 1.0), 
(2.024, 4.432, 2.442, 2.756), 
(1.0, 1.0, 1.0, 0.0, 1.0, 1.0), 
(2.613, 2.179, 3.44, 1.7, 2.295, 2.589), 
(1.0, 1.0, 1.0, 1.0), 
(1.479, 4.108, 2.083, 1.44), 
(1.0, 1.0), 
(1.855, 1.926), 