
(1.0, 1.0, 0.0, 1.0, 1.0, 1.0, 1.0, 1.0, 1.0, 1.0, 1.0, 1.0, 1.0, 1.0, 0.0, 1.0, 1.0, 0.0, 1.0, 1.0, 1.0, 1.0, 1.0, 1.0, 1.0, 1.0, 1.0, 0.0, 1.0, 1.0, 0.0, 1.0, 1.0, 1.0, 1.0, 1.0, 1.0, 1.0, 1.0, 1.0, 1.0, 1.0, 1.0, 1.0, 1.0, 1.0, 1.0, 1.0), 
(0.172, 5.172, 4.469, 4.641, 0.266, 7.032, 8.017, 5.625, 0.234, 7.587, 2.532, 7.188, 0.187, 7.251, 4.188, 18.611, 0.188, 6.735, 3.313, 3.063, 0.266, 34.91, 2.938, 13.565, 0.172, 8.36, 7.392, 7.095, 0.282, 14.892, 5.422, 17.299, 0.25, 9.744, 10.783, 4.828, 0.25, 7.673, 3.157, 3.407, 0.25, 7.72, 3.594, 4.673, 0.203, 7.001, 3.203, 6.844), 
(1.0, 1.0, 0.0, 1.0, 1.0, 1.0, 1.0, 1.0, 1.0, 1.0, 0.0, 1.0, 1.0, 1.0, 1.0, 1.0, 1.0, 1.0, 1.0, 1.0, 0.0, 1.0, 1.0, 1.0, 1.0, 1.0, 1.0, 1.0, 0.0, 1.0, 1.0, 1.0), 
(5.939, 18.94, 3.141, 6.0, 0.235, 7.188, 2.844, 8.673, 0.234, 7.579, 4.61, 5.297, 0.219, 9.501, 4.626, 4.86, 0.266, 8.915, 1.704, 2.766, 0.219, 5.954, 1.891, 3.657, 0.25, 11.735, 3.297, 6.51, 17.958, 3.188, 2.703, 4.876), 
(1.0, 1.0, 1.0, 1.0, 1.0, 1.0, 1.0, 1.0, 0.0, 1.0, 1.0, 1.0, 1.0, 1.0, 1.0, 1.0), 
(0.329, 9.891, 3.251, 4.954, 0.282, 10.08, 3.204, 5.36, 3.187, 8.095, 2.906, 7.548, 5.907, 3.157, 3.578, 4.704), 
(1.0, 1.0, 1.0, 1.0, 1.0, 0.0, 1.0, 1.0, 1.0, 1.0, 1.0, 0.0, 0.0, 1.0, 1.0, 1.0, 1.0, 0.0, 1.0, 1.0, 1.0, 0.0, 1.0, 1.0, 1.0, 1.0, 1.0), 
(2.235, 2.563, 4.782, 6.485, 3.563, 3.86, 5.423, 4.875, 6.47, 2.719, 6.532, 3.642, 2.985, 4.063, 6.095, 4.579, 2.86, 6.938, 5.094, 7.58, 3.172, 2.672, 4.907, 5.094, 3.156, 3.235, 9.673), 
(1.0, 1.0, 1.0, 1.0, 1.0, 1.0, 1.0, 1.0, 1.0, 1.0, 1.0, 1.0, 1.0, 1.0, 1.0, 1.0, 0.0, 1.0), 
(4.297, 3.36, 3.844, 14.142, 4.383, 7.798, 5.751, 5.048, 5.923, 3.767, 5.282, 4.828, 3.657, 3.469, 4.145, 4.285, 6.123, 7.923), 
(1.0, 1.0, 1.0, 1.0, 1.0, 1.0, 1.0, 1.0, 1.0), 
(7.626, 6.814, 4.438, 4.251, 2.703, 4.844, 8.558, 4.481, 8.016), 
(1.0, 1.0, 1.0, 1.0, 1.0, 1.0, 1.0, 0.0, 1.0, 1.0, 1.0, 1.0), 
(5.141, 13.931, 4.189, 5.485, 5.829, 3.953, 4.297, 4.673, 4.656, 3.563, 2.406, 4.563), 
(1.0, 1.0, 1.0, 1.0, 1.0, 1.0, 0.0, 1.0), 
(4.219, 10.517, 2.829, 6.064, 5.313, 5.673, 4.86, 9.299), 
(1.0, 1.0, 1.0, 1.0), 
(5.391, 5.876, 5.22, 6.594), 
(1.0, 1.0, 1.0, 1.0, 1.0, 1.0), 
(3.219, 3.493, 4.328, 4.142, 5.969, 11.954), 
(1.0, 1.0, 1.0, 1.0), 
(3.081, 8.063, 8.595, 8.579), 
(1.0, 1.0), 
(7.673, 5.392), 