
(1.0, 1.0, 0.0, 1.0, 1.0, 1.0, 1.0, 1.0, 1.0, 1.0, 1.0, 1.0, 1.0, 1.0, 0.0, 1.0, 1.0, 1.0, 1.0, 1.0, 1.0, 1.0, 1.0, 1.0, 1.0, 1.0, 0.0, 1.0, 0.0, 1.0, 0.0, 1.0, 1.0, 1.0, 1.0, 1.0, 1.0, 1.0, 0.0, 1.0, 1.0, 1.0, 0.0, 1.0, 1.0, 1.0, 1.0, 1.0), 
(3.86, 4.347, 2.531, 2.297, 1.736, 2.862, 7.893, 3.143, 7.253, 2.516, 4.422, 4.329, 0.656, 10.289, 2.204, 2.641, 2.267, 1.609, 3.86, 2.439, 3.503, 5.055, 10.083, 8.142, 2.641, 9.221, 4.331, 10.55, 1.206, 2.72, 5.895, 3.362, 1.564, 8.083, 7.709, 4.659, 1.359, 3.502, 11.067, 2.158, 1.597, 5.094, 2.923, 3.198, 1.219, 13.821, 2.72, 2.877), 
(1.0, 1.0, 1.0, 1.0, 1.0, 1.0, 1.0, 1.0, 1.0, 1.0, 1.0, 1.0, 1.0, 1.0, 1.0, 1.0, 1.0, 1.0, 1.0, 1.0, 0.0, 1.0, 1.0, 1.0, 1.0, 1.0, 1.0, 1.0, 1.0, 1.0, 0.0, 1.0), 
(4.648, 3.204, 13.303, 3.642, 2.079, 2.016, 11.097, 4.987, 0.25, 4.439, 11.951, 2.657, 0.375, 8.944, 7.882, 3.41, 4.611, 4.095, 4.397, 3.315, 0.39, 7.007, 9.314, 1.781, 3.876, 4.377, 2.93, 2.533, 4.642, 4.456, 3.0, 3.94), 
(1.0, 1.0, 1.0, 1.0, 1.0, 1.0, 1.0, 1.0, 1.0, 0.0, 1.0, 1.0, 1.0, 1.0, 1.0, 1.0), 
(2.862, 9.22, 3.235, 2.672, 2.251, 4.509, 7.362, 2.849, 8.851, 3.438, 12.471, 2.531, 5.268, 9.43, 2.753, 2.547), 
(1.0, 1.0, 1.0, 1.0, 1.0, 0.0, 1.0, 1.0, 1.0, 1.0, 1.0, 0.0, 0.0, 1.0, 1.0, 1.0, 1.0, 1.0, 0.0, 1.0, 1.0, 0.0, 1.0, 1.0, 1.0, 0.0, 1.0), 
(1.454, 3.359, 2.922, 4.751, 11.937, 3.266, 2.797, 3.532, 2.25, 2.406, 18.629, 1.937, 8.064, 5.829, 1.516, 5.189, 3.001, 2.766, 12.986, 3.563, 18.409, 3.188, 5.376, 7.86, 4.845, 5.91, 6.251), 
(1.0, 1.0, 1.0, 1.0, 1.0, 1.0, 1.0, 1.0, 0.0, 1.0, 1.0, 1.0, 1.0, 1.0, 1.0, 1.0, 1.0, 1.0), 
(4.156, 5.376, 3.876, 15.033, 4.344, 1.969, 6.173, 6.892, 3.766, 4.517, 25.848, 3.235, 3.782, 2.109, 3.344, 23.629, 18.252, 9.923), 
(1.0, 1.0, 1.0, 1.0, 0.0, 1.0, 1.0, 1.0, 1.0), 
(11.658, 4.094, 3.656, 2.688, 8.72, 2.204, 1.656, 12.38, 8.861), 
(1.0, 1.0, 1.0, 1.0, 1.0, 1.0, 1.0, 1.0, 1.0, 1.0, 1.0, 1.0), 
(17.456, 1.906, 3.891, 5.142, 5.595, 2.406, 7.313, 5.923, 18.956, 5.048, 2.454, 4.563), 
(1.0, 1.0, 1.0, 1.0, 1.0, 1.0, 0.0, 1.0), 
(2.86, 6.454, 11.064, 5.063, 7.063, 3.25, 3.704, 4.079), 
(1.0, 1.0, 1.0, 1.0), 
(8.705, 4.078, 20.956, 8.829), 
(1.0, 1.0, 1.0, 1.0, 1.0, 1.0), 
(2.688, 5.266, 5.798, 6.36, 4.407, 5.595), 
(1.0, 1.0, 1.0, 1.0), 
(6.657, 3.719, 7.861, 10.439), 
(1.0, 1.0), 
(7.802, 7.923), 