
(0.0, 1.0, 0.0, 1.0, 1.0, 1.0, 1.0, 1.0, 1.0, 0.0, 1.0, 1.0, 1.0, 0.0, 0.0, 1.0, 0.0, 0.0, 0.0, 1.0, 1.0, 1.0, 0.0, 1.0, 1.0, 1.0, 1.0, 1.0, 0.0, 1.0, 1.0, 1.0, 1.0, 1.0, 0.0, 1.0, 1.0, 1.0, 1.0, 1.0, 1.0, 1.0, 1.0, 1.0, 1.0, 0.0, 1.0, 1.0), 
(6.595, 3.829, 2.031, 2.472, 2.047, 4.235, 3.641, 2.876, 6.144, 4.142, 2.172, 2.719, 1.454, 2.454, 4.329, 5.926, 1.422, 5.72, 2.64, 5.313, 4.693, 3.126, 1.906, 3.141, 2.61, 4.969, 6.988, 4.688, 2.61, 1.36, 3.984, 3.489, 4.001, 7.391, 1.907, 2.36, 1.751, 2.692, 4.0, 5.235, 4.657, 2.813, 1.484, 3.738, 2.391, 7.205, 2.032, 1.656), 
(0.0, 1.0, 0.0, 1.0, 1.0, 1.0, 1.0, 0.0, 1.0, 1.0, 1.0, 1.0, 1.0, 1.0, 1.0, 1.0, 1.0, 1.0, 0.0, 1.0, 0.0, 1.0, 1.0, 1.0, 1.0, 1.0, 1.0, 1.0, 1.0, 1.0, 1.0, 1.0), 
(5.236, 3.863, 4.938, 2.844, 2.938, 7.427, 11.611, 3.344, 4.145, 2.172, 1.86, 3.516, 1.907, 4.282, 6.485, 6.551, 1.578, 2.625, 9.11, 9.176, 4.438, 7.39, 5.254, 3.75, 3.815, 6.604, 4.597, 2.82, 5.095, 5.641, 3.776, 4.394), 
(1.0, 0.0, 1.0, 1.0, 1.0, 0.0, 1.0, 1.0, 1.0, 1.0, 0.0, 1.0, 1.0, 1.0, 1.0, 1.0), 
(2.938, 4.907, 3.953, 2.782, 5.332, 8.673, 6.032, 7.208, 0.016, 6.767, 2.438, 2.531, 1.719, 3.709, 2.407, 2.047), 
(1.0, 1.0, 1.0, 1.0, 1.0, 0.0, 1.0, 1.0, 1.0, 1.0, 1.0, 0.0, 0.0, 1.0, 1.0, 1.0, 1.0, 1.0, 1.0, 1.0, 1.0, 0.0, 1.0, 1.0, 1.0, 0.0, 1.0), 
(3.157, 7.985, 2.188, 3.05, 2.61, 1.578, 5.314, 2.969, 11.333, 2.298, 5.797, 4.688, 2.284, 8.892, 4.688, 7.504, 2.125, 3.157, 3.829, 5.782, 6.097, 1.25, 2.609, 7.157, 3.407, 2.953, 2.066), 
(1.0, 0.0, 1.0, 1.0, 1.0, 1.0, 1.0, 0.0, 1.0, 1.0, 1.0, 1.0, 1.0, 1.0, 1.0, 1.0, 1.0, 1.0), 
(2.485, 2.329, 10.564, 1.625, 2.719, 3.035, 6.579, 5.282, 4.235, 3.988, 6.703, 6.767, 2.61, 8.082, 9.186, 2.946, 2.816, 5.126), 
(0.0, 0.0, 1.0, 1.0, 1.0, 1.0, 1.0, 0.0, 1.0), 
(2.673, 7.61, 4.125, 5.567, 3.376, 3.188, 3.985, 3.798, 5.848), 
(1.0, 1.0, 1.0, 1.0, 0.0, 1.0, 0.0, 0.0, 0.0, 1.0, 1.0, 1.0), 
(2.454, 2.453, 6.017, 5.316, 4.688, 3.938, 6.47, 2.454, 6.77, 3.672, 2.204, 4.25), 
(0.0, 1.0, 0.0, 1.0, 1.0, 1.0, 0.0, 1.0), 
(4.829, 9.193, 5.985, 2.188, 4.251, 2.738, 2.454, 3.813), 
(1.0, 1.0, 1.0, 1.0), 
(3.25, 6.376, 4.379, 3.938), 
(1.0, 1.0, 1.0, 1.0, 1.0, 1.0), 
(2.766, 1.595, 4.766, 1.844, 2.609, 2.3), 
(1.0, 1.0, 1.0, 1.0), 
(4.375, 2.313, 4.313, 3.704), 
(1.0, 1.0), 
(2.079, 2.61), 