
(0.0, 1.0, 0.0, 1.0, 1.0, 1.0, 1.0, 1.0, 1.0, 1.0, 1.0, 1.0, 1.0, 1.0, 0.0, 1.0, 1.0, 1.0, 1.0, 1.0, 1.0, 1.0, 0.0, 1.0, 1.0, 1.0, 1.0, 0.0, 0.0, 1.0, 0.0, 1.0, 1.0, 1.0, 0.0, 1.0, 1.0, 1.0, 1.0, 1.0, 1.0, 0.0, 1.0, 1.0, 1.0, 1.0, 1.0, 1.0), 
(0.281, 6.641, 4.152, 5.187, 0.437, 10.775, 4.563, 5.876, 0.266, 6.345, 7.391, 7.442, 0.284, 10.014, 2.016, 6.725, 0.297, 6.2, 11.11, 6.579, 0.391, 8.659, 2.222, 7.794, 0.203, 8.61, 2.251, 3.627, 0.282, 7.241, 10.521, 7.845, 0.5, 14.158, 4.645, 10.217, 4.798, 6.415, 4.798, 6.99, 3.636, 7.594, 5.438, 4.797, 0.359, 6.641, 10.829, 9.298), 
(1.0, 1.0, 1.0, 1.0, 1.0, 1.0, 1.0, 1.0, 1.0, 1.0, 1.0, 1.0, 1.0, 1.0, 1.0, 1.0, 1.0, 1.0, 1.0, 1.0, 0.0, 1.0, 1.0, 1.0, 1.0, 0.0, 1.0, 1.0, 1.0, 1.0, 1.0, 1.0), 
(0.266, 6.892, 3.625, 7.673, 0.312, 11.755, 2.519, 7.61, 0.375, 5.173, 4.173, 8.86, 0.297, 9.215, 10.658, 5.579, 0.188, 9.65, 5.381, 9.83, 0.25, 6.439, 3.812, 10.082, 0.438, 8.546, 6.11, 7.954, 4.501, 7.754, 3.86, 5.814), 
(1.0, 1.0, 1.0, 1.0, 1.0, 1.0, 1.0, 1.0, 0.0, 0.0, 0.0, 1.0, 1.0, 1.0, 1.0, 1.0), 
(4.8, 6.048, 6.891, 6.079, 6.564, 6.072, 12.338, 4.672, 10.158, 5.332, 5.218, 5.884, 19.981, 6.943, 14.304, 13.492), 
(1.0, 1.0, 1.0, 1.0, 1.0, 0.0, 1.0, 1.0, 1.0, 1.0, 1.0, 0.0, 0.0, 1.0, 0.0, 0.0, 1.0, 1.0, 0.0, 1.0, 1.0, 0.0, 1.0, 1.0, 1.0, 0.0, 1.0), 
(5.407, 9.603, 11.064, 5.204, 6.345, 3.735, 4.521, 97.711, 3.253, 6.878, 5.735, 3.845, 5.0, 12.527, 5.564, 3.078, 3.391, 3.594, 3.688, 4.22, 12.171, 5.157, 3.376, 10.236, 4.032, 7.936, 9.689), 
(1.0, 1.0, 1.0, 1.0, 1.0, 1.0, 1.0, 0.0, 1.0, 1.0, 1.0, 1.0, 1.0, 1.0, 1.0, 1.0, 1.0, 1.0), 
(0.311, 21.222, 5.219, 11.681, 10.173, 8.485, 4.64, 9.649, 14.252, 3.469, 5.916, 7.302, 5.532, 8.813, 5.704, 7.006, 8.105, 7.251), 
(0.0, 1.0, 1.0, 1.0, 1.0, 1.0, 1.0, 0.0, 1.0), 
(16.23, 16.965, 6.553, 4.376, 10.705, 5.91, 5.312, 14.897, 6.115), 
(1.0, 1.0, 1.0, 1.0, 1.0, 1.0, 1.0, 0.0, 1.0, 1.0, 0.0, 1.0), 
(12.235, 7.245, 10.89, 26.019, 5.334, 6.469, 3.251, 12.205, 8.938, 10.665, 4.219, 13.049), 
(1.0, 1.0, 1.0, 1.0, 1.0, 1.0, 0.0, 1.0), 
(5.204, 9.688, 9.157, 12.564, 4.406, 17.067, 8.517, 12.079), 
(1.0, 1.0, 0.0, 1.0), 
(19.141, 11.954, 10.893, 17.564), 
(1.0, 1.0, 1.0, 1.0, 0.0, 1.0), 
(5.001, 5.032, 6.329, 9.881, 5.275, 13.986), 
(1.0, 1.0, 1.0, 1.0), 
(6.594, 8.439, 5.704, 16.409), 
(1.0, 1.0), 
(6.979, 5.482), 