
(1.0, 1.0, 0.0, 1.0, 1.0, 0.0, 1.0, 1.0, 1.0, 1.0, 1.0, 1.0, 1.0, 1.0, 1.0, 0.0, 0.0, 1.0, 1.0, 1.0, 1.0, 1.0, 1.0, 1.0, 0.0, 0.0, 1.0, 1.0, 1.0, 1.0, 0.0, 1.0, 1.0, 1.0, 1.0, 1.0, 1.0, 0.0, 1.0, 1.0, 0.0, 1.0, 1.0, 1.0, 0.0, 1.0, 1.0, 1.0), 
(1.356, 1.395, 1.482, 2.994, 2.582, 4.682, 1.414, 3.398, 1.971, 3.552, 1.767, 1.573, 4.618, 2.425, 5.658, 2.01, 3.394, 1.605, 1.223, 3.628, 4.031, 1.822, 2.545, 2.077, 4.252, 3.537, 1.449, 0.973, 2.572, 5.171, 3.331, 1.383, 1.381, 1.716, 0.958, 2.511, 4.465, 4.21, 5.386, 1.39, 3.88, 3.059, 2.145, 1.911, 5.584, 5.85, 1.625, 3.377), 
(1.0, 1.0, 0.0, 1.0, 1.0, 1.0, 0.0, 1.0, 1.0, 0.0, 1.0, 1.0, 1.0, 1.0, 1.0, 1.0, 0.0, 0.0, 1.0, 0.0, 0.0, 1.0, 1.0, 1.0, 0.0, 1.0, 1.0, 0.0, 1.0, 1.0, 1.0, 1.0), 
(8.63, 1.681, 2.607, 2.832, 5.584, 2.158, 1.669, 1.094, 2.786, 5.8, 1.891, 1.494, 2.788, 5.995, 1.279, 1.125, 4.545, 10.108, 3.04, 3.232, 2.7, 2.929, 2.525, 3.879, 6.163, 6.124, 7.973, 8.996, 6.081, 3.544, 1.999, 1.645), 
(1.0, 1.0, 1.0, 1.0, 1.0, 1.0, 1.0, 1.0, 0.0, 1.0, 1.0, 1.0, 1.0, 1.0, 0.0, 1.0), 
(4.288, 1.632, 1.985, 5.142, 3.2, 2.112, 1.717, 2.506, 7.197, 7.379, 3.123, 1.432, 5.513, 5.409, 5.819, 2.852), 
(1.0, 0.0, 0.0, 1.0, 1.0, 0.0, 1.0, 1.0, 1.0, 1.0, 1.0, 0.0, 0.0, 1.0, 1.0, 0.0, 1.0, 1.0, 0.0, 0.0, 1.0, 0.0, 0.0, 1.0, 1.0, 1.0, 1.0), 
(5.146, 4.343, 2.364, 5.548, 3.979, 2.623, 2.758, 1.753, 3.708, 10.726, 2.717, 3.102, 3.6, 1.352, 2.125, 5.399, 3.223, 4.325, 4.379, 8.164, 1.925, 2.867, 5.905, 5.092, 7.749, 3.865, 1.312), 
(0.0, 1.0, 1.0, 1.0, 0.0, 1.0, 0.0, 1.0, 1.0, 1.0, 1.0, 0.0, 1.0, 1.0, 0.0, 1.0, 0.0, 1.0), 
(2.419, 6.91, 2.177, 1.706, 3.123, 5.48, 3.427, 2.045, 2.148, 3.718, 4.686, 3.776, 2.482, 2.199, 1.902, 8.529, 5.362, 4.252), 
(1.0, 1.0, 1.0, 1.0, 1.0, 1.0, 1.0, 1.0, 1.0), 
(3.321, 5.55, 3.028, 5.959, 5.363, 2.311, 6.748, 2.161, 4.552), 
(1.0, 1.0, 1.0, 1.0, 1.0, 1.0, 1.0, 0.0, 1.0, 1.0, 1.0, 1.0), 
(3.176, 2.078, 5.069, 3.914, 6.836, 3.176, 7.238, 2.493, 5.913, 2.579, 7.338, 5.623), 
(1.0, 1.0, 1.0, 1.0, 1.0, 1.0, 0.0, 0.0), 
(4.998, 6.086, 5.917, 2.998, 6.359, 2.746, 6.497, 5.028), 
(1.0, 1.0, 1.0, 1.0), 
(4.086, 3.824, 13.1, 5.769), 
(1.0, 1.0, 1.0, 1.0, 1.0, 1.0), 
(2.314, 5.822, 4.253, 1.548, 5.43, 4.213), 
(1.0, 1.0, 1.0, 1.0), 
(2.656, 6.936, 7.995, 2.319), 
(1.0, 1.0), 
(1.606, 3.408), 