
(1.0, 1.0, 1.0, 1.0, 1.0, 1.0, 0.0, 1.0, 0.0, 1.0, 1.0, 1.0, 1.0, 1.0, 0.0, 1.0, 1.0, 1.0, 1.0, 0.0, 1.0, 1.0, 1.0, 1.0, 1.0, 0.0, 1.0, 1.0, 1.0, 1.0, 0.0, 0.0, 1.0, 1.0, 1.0, 1.0, 1.0, 1.0, 0.0, 0.0, 0.0, 1.0, 0.0, 1.0, 1.0, 0.0, 1.0, 1.0), 
(5.18, 5.886, 1.243, 1.598, 5.024, 1.264, 1.443, 1.699, 4.356, 1.59, 4.43, 2.091, 8.256, 1.008, 2.138, 2.248, 3.361, 2.631, 1.581, 2.003, 3.467, 2.089, 1.745, 1.393, 3.335, 3.27, 2.703, 2.852, 4.91, 4.319, 1.218, 2.15, 1.969, 2.829, 10.121, 2.304, 2.624, 2.348, 2.215, 1.246, 8.522, 5.143, 3.331, 1.196, 2.3, 5.42, 3.431, 1.637), 
(1.0, 1.0, 1.0, 1.0, 1.0, 1.0, 1.0, 1.0, 1.0, 0.0, 1.0, 1.0, 1.0, 0.0, 1.0, 1.0, 0.0, 0.0, 1.0, 1.0, 0.0, 1.0, 1.0, 0.0, 0.0, 1.0, 1.0, 1.0, 1.0, 1.0, 1.0, 1.0), 
(8.65, 2.712, 10.644, 5.38, 6.289, 1.358, 1.301, 1.591, 2.619, 5.424, 2.178, 5.672, 5.363, 2.697, 1.4, 2.323, 12.154, 2.252, 3.358, 2.738, 3.889, 5.924, 4.344, 2.492, 6.89, 2.446, 5.344, 2.614, 8.316, 2.434, 11.501, 1.739), 
(0.0, 1.0, 1.0, 1.0, 1.0, 1.0, 0.0, 0.0, 1.0, 1.0, 1.0, 1.0, 1.0, 1.0, 1.0, 1.0), 
(3.468, 4.678, 2.278, 1.124, 10.937, 3.759, 5.265, 4.139, 5.615, 8.07, 2.892, 1.307, 13.479, 3.398, 2.822, 1.502), 
(1.0, 1.0, 1.0, 1.0, 0.0, 0.0, 0.0, 0.0, 0.0, 1.0, 1.0, 1.0, 0.0, 1.0, 1.0, 1.0, 1.0, 1.0, 1.0, 1.0, 1.0, 0.0, 1.0, 1.0, 1.0, 1.0, 1.0), 
(3.544, 2.605, 2.201, 7.324, 2.729, 2.155, 4.46, 3.8, 1.391, 2.308, 1.397, 2.522, 1.892, 3.344, 1.611, 2.48, 3.982, 2.042, 1.517, 2.546, 1.826, 3.428, 1.709, 1.047, 5.524, 1.376, 2.523), 
(1.0, 1.0, 1.0, 1.0, 1.0, 1.0, 1.0, 1.0, 1.0, 1.0, 1.0, 1.0, 1.0, 1.0, 1.0, 1.0, 0.0, 1.0), 
(8.177, 4.518, 6.234, 3.494, 6.465, 1.942, 4.288, 2.797, 1.91, 5.306, 2.026, 3.334, 4.564, 6.343, 1.906, 2.231, 3.506, 3.681), 
(1.0, 1.0, 1.0, 1.0, 1.0, 1.0, 1.0, 1.0, 1.0), 
(5.506, 9.327, 3.434, 2.487, 2.205, 1.789, 2.507, 6.986, 2.056), 
(1.0, 1.0, 1.0, 1.0, 0.0, 0.0, 1.0, 0.0, 1.0, 1.0, 1.0, 1.0), 
(2.959, 4.608, 17.923, 2.731, 9.613, 3.102, 1.585, 1.874, 3.611, 2.507, 2.844, 4.66), 
(0.0, 1.0, 1.0, 1.0, 1.0, 1.0, 0.0, 1.0), 
(4.099, 4.651, 3.851, 4.148, 4.76, 2.425, 2.476, 8.161), 
(1.0, 1.0, 1.0, 1.0), 
(2.634, 3.918, 9.731, 6.573), 
(1.0, 1.0, 1.0, 1.0, 1.0, 1.0), 
(1.997, 4.949, 3.118, 4.874, 22.851, 2.522), 
(1.0, 1.0, 1.0, 1.0), 
(7.055, 12.349, 6.044, 11.506), 
(1.0, 1.0), 
(3.431, 3.825), 