
(1.0, 1.0, 0.0, 0.0, 1.0, 1.0, 1.0, 1.0, 1.0, 1.0, 1.0, 1.0, 1.0, 1.0, 0.0, 1.0, 1.0, 1.0, 1.0, 0.0, 1.0, 1.0, 1.0, 1.0, 1.0, 1.0, 1.0, 1.0, 1.0, 1.0, 0.0, 0.0, 1.0, 1.0, 1.0, 1.0, 1.0, 1.0, 1.0, 1.0, 1.0, 1.0, 1.0, 0.0, 1.0, 1.0, 1.0, 1.0), 
(3.701, 2.349, 1.996, 4.195, 5.973, 3.237, 2.657, 2.971, 3.35, 1.605, 1.378, 1.504, 12.714, 4.309, 2.272, 0.899, 1.083, 3.407, 2.011, 4.777, 2.643, 2.367, 3.374, 1.305, 3.815, 2.621, 1.881, 1.657, 2.524, 3.387, 1.352, 1.842, 3.379, 1.648, 1.647, 2.576, 6.219, 1.48, 7.692, 2.837, 6.955, 4.619, 1.779, 4.834, 4.54, 3.538, 5.285, 2.805), 
(1.0, 1.0, 1.0, 0.0, 1.0, 1.0, 0.0, 1.0, 1.0, 1.0, 1.0, 1.0, 1.0, 1.0, 1.0, 1.0, 1.0, 1.0, 1.0, 1.0, 0.0, 1.0, 1.0, 1.0, 1.0, 1.0, 1.0, 1.0, 1.0, 1.0, 1.0, 1.0), 
(2.128, 1.343, 5.46, 4.916, 3.725, 3.44, 2.687, 1.615, 3.179, 5.534, 1.77, 2.571, 3.716, 3.41, 1.764, 6.296, 1.43, 1.656, 2.948, 1.326, 4.752, 4.094, 4.272, 1.68, 2.21, 4.827, 2.147, 4.379, 4.202, 1.52, 1.703, 1.165), 
(1.0, 1.0, 1.0, 1.0, 1.0, 1.0, 1.0, 0.0, 1.0, 1.0, 1.0, 1.0, 1.0, 1.0, 1.0, 1.0), 
(1.827, 4.397, 2.884, 1.534, 3.808, 5.268, 1.243, 3.483, 7.22, 1.674, 2.756, 4.031, 2.101, 6.064, 11.025, 3.808), 
(1.0, 1.0, 1.0, 1.0, 1.0, 0.0, 1.0, 1.0, 1.0, 1.0, 1.0, 1.0, 0.0, 0.0, 1.0, 1.0, 1.0, 0.0, 1.0, 1.0, 1.0, 0.0, 1.0, 0.0, 1.0, 1.0, 1.0), 
(7.081, 3.064, 3.966, 4.471, 2.239, 2.783, 2.268, 1.788, 2.534, 4.764, 3.474, 2.118, 3.686, 1.974, 1.93, 4.232, 3.963, 3.065, 6.595, 4.03, 2.286, 2.998, 2.202, 4.862, 2.116, 1.938, 2.545), 
(1.0, 1.0, 1.0, 1.0, 0.0, 1.0, 0.0, 1.0, 1.0, 1.0, 1.0, 1.0, 1.0, 1.0, 1.0, 1.0, 0.0, 1.0), 
(3.053, 4.319, 3.488, 5.435, 11.707, 3.075, 3.942, 2.657, 1.661, 4.038, 5.929, 3.691, 3.46, 4.756, 1.861, 17.501, 2.661, 1.804), 
(1.0, 1.0, 1.0, 1.0, 1.0, 1.0, 0.0, 1.0, 1.0), 
(8.133, 3.733, 2.054, 10.215, 2.732, 13.425, 20.506, 3.314, 5.505), 
(1.0, 1.0, 1.0, 1.0, 1.0, 1.0, 1.0, 0.0, 1.0, 1.0, 1.0, 0.0), 
(4.616, 7.616, 4.5, 1.594, 2.389, 7.231, 2.557, 4.628, 4.594, 2.862, 4.609, 11.602), 
(1.0, 1.0, 1.0, 1.0, 1.0, 1.0, 0.0, 1.0), 
(11.589, 2.872, 47.062, 4.434, 7.879, 5.532, 2.961, 7.958), 
(1.0, 1.0, 1.0, 1.0), 
(7.971, 7.537, 10.673, 17.212), 
(1.0, 1.0, 1.0, 1.0, 1.0, 1.0), 
(2.594, 9.183, 6.564, 9.153, 4.981, 3.144), 
(1.0, 1.0, 1.0, 1.0), 
(4.388, 2.503, 8.318, 13.835), 
(1.0, 1.0), 
(17.295, 2.938), 