
(1.0, 1.0, 0.0, 1.0, 0.0, 1.0, 1.0, 1.0, 1.0, 1.0, 1.0, 1.0, 1.0, 0.0, 0.0, 1.0, 0.0, 1.0, 0.0, 1.0, 0.0, 1.0, 1.0, 1.0, 1.0, 1.0, 1.0, 1.0, 1.0, 0.0, 0.0, 0.0, 1.0, 1.0, 1.0, 1.0, 1.0, 0.0, 1.0, 1.0, 1.0, 1.0, 1.0, 1.0, 0.0, 1.0, 1.0, 1.0), 
(2.721, 3.446, 2.331, 2.751, 2.413, 3.251, 1.87, 2.071, 3.608, 1.173, 1.354, 1.525, 7.421, 2.334, 2.576, 1.384, 4.043, 3.497, 5.46, 1.802, 1.41, 2.165, 3.005, 2.004, 7.212, 3.568, 1.928, 2.09, 5.451, 3.706, 1.329, 2.099, 1.678, 3.371, 1.405, 1.592, 3.907, 3.225, 3.721, 0.96, 3.48, 3.682, 4.023, 3.266, 5.902, 2.249, 1.485, 1.029), 
(1.0, 1.0, 1.0, 1.0, 1.0, 1.0, 1.0, 1.0, 1.0, 1.0, 1.0, 1.0, 1.0, 1.0, 1.0, 1.0, 1.0, 0.0, 1.0, 1.0, 0.0, 1.0, 1.0, 1.0, 1.0, 1.0, 1.0, 1.0, 1.0, 1.0, 1.0, 1.0), 
(1.895, 2.217, 2.311, 3.568, 3.397, 4.414, 3.317, 2.136, 2.068, 4.025, 1.187, 1.286, 6.008, 2.168, 2.1, 1.782, 5.559, 2.029, 1.23, 3.315, 7.593, 2.228, 2.195, 2.488, 3.385, 4.756, 3.084, 2.147, 5.113, 4.053, 2.305, 1.433), 
(1.0, 1.0, 1.0, 1.0, 1.0, 0.0, 1.0, 0.0, 1.0, 0.0, 1.0, 1.0, 1.0, 1.0, 1.0, 1.0), 
(8.842, 4.225, 2.647, 2.756, 4.055, 7.139, 1.539, 1.53, 2.93, 3.331, 4.192, 2.001, 6.042, 5.28, 3.926, 6.872), 
(1.0, 1.0, 1.0, 1.0, 1.0, 1.0, 1.0, 1.0, 0.0, 1.0, 1.0, 0.0, 0.0, 1.0, 1.0, 1.0, 1.0, 1.0, 0.0, 0.0, 1.0, 0.0, 1.0, 1.0, 1.0, 1.0, 1.0), 
(7.185, 3.006, 2.379, 8.075, 2.41, 4.059, 4.922, 2.856, 6.548, 2.164, 1.198, 1.761, 2.142, 5.587, 4.088, 3.705, 5.159, 0.934, 3.139, 6.554, 1.935, 2.574, 2.819, 1.857, 1.344, 2.527, 2.429), 
(1.0, 1.0, 1.0, 1.0, 1.0, 1.0, 1.0, 1.0, 0.0, 1.0, 1.0, 1.0, 1.0, 1.0, 1.0, 1.0, 0.0, 1.0), 
(7.781, 14.212, 2.711, 2.831, 10.707, 2.899, 8.758, 2.794, 3.615, 3.199, 9.648, 2.557, 2.68, 3.703, 1.921, 1.566, 3.825, 1.433), 
(1.0, 1.0, 1.0, 0.0, 1.0, 1.0, 0.0, 1.0, 1.0), 
(4.657, 2.078, 3.041, 5.841, 3.961, 1.31, 4.087, 3.711, 5.235), 
(1.0, 1.0, 1.0, 0.0, 0.0, 0.0, 1.0, 0.0, 1.0, 0.0, 1.0, 1.0), 
(1.873, 1.299, 3.482, 5.113, 2.092, 2.965, 2.787, 2.08, 13.054, 7.696, 4.308, 7.278), 
(1.0, 0.0, 1.0, 1.0, 1.0, 0.0, 0.0, 1.0), 
(3.744, 3.789, 2.621, 5.212, 3.765, 7.402, 3.845, 3.025), 
(0.0, 1.0, 1.0, 1.0), 
(4.153, 4.134, 2.223, 16.873), 
(1.0, 1.0, 0.0, 1.0, 1.0, 1.0), 
(4.078, 7.507, 6.933, 6.175, 4.811, 3.976), 
(1.0, 1.0, 1.0, 1.0), 
(7.911, 6.315, 2.208, 7.017), 
(1.0, 1.0), 
(9.695, 4.281), 