
(1.0, 1.0, 0.0, 1.0, 1.0, 1.0, 1.0, 1.0, 0.0, 1.0, 1.0, 1.0, 1.0, 1.0, 0.0, 1.0, 0.0, 1.0, 1.0, 1.0, 1.0, 1.0, 1.0, 1.0, 0.0, 1.0, 0.0, 1.0, 1.0, 1.0, 0.0, 1.0, 1.0, 1.0, 1.0, 1.0, 1.0, 1.0, 1.0, 1.0, 1.0, 1.0, 1.0, 1.0, 0.0, 1.0, 1.0, 1.0), 
(3.405, 3.668, 1.733, 3.117, 7.004, 3.438, 1.78, 2.007, 2.837, 1.646, 2.999, 2.374, 5.425, 1.219, 7.707, 1.308, 3.727, 1.486, 1.914, 1.361, 5.085, 1.408, 4.166, 3.43, 12.721, 1.837, 4.103, 2.736, 1.695, 3.102, 1.302, 4.365, 3.394, 2.532, 2.253, 1.624, 11.602, 2.415, 4.736, 2.044, 1.669, 2.063, 1.883, 1.373, 5.881, 1.928, 1.212, 1.059), 
(1.0, 0.0, 1.0, 1.0, 1.0, 1.0, 1.0, 1.0, 1.0, 1.0, 1.0, 1.0, 1.0, 1.0, 1.0, 1.0, 0.0, 0.0, 1.0, 1.0, 1.0, 1.0, 1.0, 1.0, 0.0, 1.0, 0.0, 1.0, 1.0, 1.0, 1.0, 0.0), 
(2.793, 8.424, 4.03, 2.865, 3.54, 2.86, 2.164, 1.149, 5.326, 9.327, 1.657, 1.721, 6.017, 2.159, 4.397, 3.633, 2.675, 2.495, 3.158, 1.654, 7.532, 2.344, 1.749, 1.84, 4.32, 2.476, 5.253, 3.472, 3.219, 1.188, 5.687, 2.268), 
(1.0, 1.0, 0.0, 0.0, 1.0, 1.0, 1.0, 0.0, 0.0, 1.0, 1.0, 1.0, 1.0, 1.0, 0.0, 1.0), 
(13.622, 3.423, 6.118, 1.905, 3.968, 3.936, 2.458, 7.018, 2.968, 2.911, 4.076, 1.558, 8.164, 2.651, 3.54, 1.337), 
(1.0, 1.0, 0.0, 1.0, 1.0, 0.0, 1.0, 1.0, 1.0, 1.0, 1.0, 0.0, 0.0, 1.0, 1.0, 0.0, 1.0, 0.0, 0.0, 0.0, 1.0, 0.0, 1.0, 0.0, 1.0, 1.0, 1.0), 
(7.4, 2.103, 2.372, 6.098, 3.973, 2.136, 6.753, 2.065, 1.829, 3.588, 1.604, 3.372, 8.681, 1.576, 5.051, 6.152, 2.777, 4.218, 6.403, 7.068, 2.89, 3.408, 3.449, 3.983, 3.601, 1.854, 1.648), 
(1.0, 1.0, 1.0, 1.0, 1.0, 1.0, 1.0, 1.0, 1.0, 1.0, 1.0, 1.0, 1.0, 1.0, 1.0, 1.0, 1.0, 1.0), 
(1.642, 5.144, 3.052, 2.891, 5.025, 3.429, 3.655, 2.971, 2.676, 5.178, 3.066, 1.498, 9.114, 3.489, 3.646, 5.435, 1.978, 2.536), 
(1.0, 1.0, 0.0, 0.0, 1.0, 1.0, 1.0, 1.0, 1.0), 
(3.946, 2.894, 5.424, 4.164, 3.366, 2.79, 2.321, 3.232, 3.045), 
(1.0, 0.0, 1.0, 1.0, 1.0, 1.0, 1.0, 0.0, 1.0, 1.0, 1.0, 1.0), 
(5.417, 6.467, 3.521, 6.755, 3.535, 1.804, 1.833, 5.471, 2.615, 6.134, 2.156, 2.798), 
(1.0, 0.0, 1.0, 1.0, 1.0, 0.0, 0.0, 1.0), 
(20.623, 4.911, 5.353, 8.046, 6.593, 5.262, 2.301, 7.165), 
(0.0, 0.0, 1.0, 1.0), 
(7.595, 14.748, 6.07, 4.731), 
(1.0, 1.0, 1.0, 1.0, 1.0, 1.0), 
(5.395, 11.828, 2.485, 3.083, 3.242, 2.393), 
(1.0, 1.0, 1.0, 1.0), 
(3.272, 8.969, 8.831, 2.98), 
(1.0, 1.0), 
(3.397, 4.192), 