
(1.0, 1.0, 0.0, 1.0, 1.0, 1.0, 1.0, 1.0, 1.0, 1.0, 1.0, 0.0, 1.0, 1.0, 0.0, 0.0, 1.0, 0.0, 1.0, 1.0, 1.0, 1.0, 1.0, 1.0, 1.0, 0.0, 1.0, 1.0, 1.0, 1.0, 0.0, 1.0, 1.0, 1.0, 1.0, 1.0, 1.0, 0.0, 0.0, 0.0, 0.0, 1.0, 1.0, 1.0, 1.0, 1.0, 1.0, 1.0), 
(5.975, 4.12, 1.429, 2.719, 3.017, 3.04, 1.441, 3.349, 6.31, 1.774, 2.854, 1.015, 3.801, 1.177, 3.45, 3.937, 4.051, 2.921, 1.457, 2.771, 2.205, 2.201, 1.838, 1.319, 3.413, 1.993, 2.232, 1.419, 4.454, 3.293, 1.232, 0.92, 2.796, 1.892, 1.597, 1.917, 2.326, 4.042, 4.112, 1.974, 2.856, 2.159, 6.433, 2.849, 1.73, 6.428, 1.524, 3.795), 
(1.0, 1.0, 0.0, 1.0, 1.0, 1.0, 1.0, 1.0, 1.0, 1.0, 0.0, 1.0, 0.0, 0.0, 0.0, 1.0, 1.0, 0.0, 0.0, 1.0, 1.0, 1.0, 1.0, 1.0, 0.0, 1.0, 0.0, 1.0, 1.0, 1.0, 1.0, 1.0), 
(4.94, 4.204, 1.322, 3.57, 9.728, 6.478, 2.618, 1.994, 2.327, 2.669, 2.35, 2.451, 2.558, 4.987, 2.524, 2.609, 5.974, 3.192, 1.977, 2.022, 2.731, 7.248, 2.426, 3.061, 1.487, 4.548, 2.42, 3.583, 1.948, 2.199, 2.617, 1.738), 
(1.0, 1.0, 1.0, 1.0, 1.0, 1.0, 1.0, 1.0, 1.0, 1.0, 1.0, 1.0, 1.0, 0.0, 1.0, 1.0), 
(4.064, 2.745, 2.9, 2.553, 2.823, 3.315, 0.897, 5.775, 4.944, 2.592, 1.156, 1.742, 4.995, 2.431, 4.252, 2.363), 
(1.0, 1.0, 1.0, 1.0, 0.0, 0.0, 1.0, 1.0, 0.0, 1.0, 1.0, 1.0, 0.0, 1.0, 1.0, 1.0, 1.0, 1.0, 0.0, 1.0, 1.0, 0.0, 1.0, 1.0, 1.0, 1.0, 1.0), 
(17.407, 1.603, 4.782, 2.081, 3.296, 3.971, 11.905, 2.688, 3.596, 3.917, 2.049, 2.482, 3.095, 6.099, 2.89, 5.015, 2.011, 2.095, 3.514, 1.239, 1.254, 2.857, 1.717, 3.694, 2.912, 3.937, 3.082), 
(0.0, 1.0, 1.0, 1.0, 0.0, 1.0, 1.0, 1.0, 1.0, 1.0, 1.0, 1.0, 1.0, 1.0, 1.0, 1.0, 0.0, 1.0), 
(6.945, 3.727, 2.504, 1.436, 11.097, 2.498, 2.896, 2.869, 2.514, 2.399, 6.663, 3.134, 2.109, 1.728, 1.635, 5.111, 3.611, 4.961), 
(1.0, 1.0, 1.0, 0.0, 1.0, 1.0, 1.0, 1.0, 1.0), 
(3.653, 4.213, 2.781, 9.002, 1.896, 2.683, 4.758, 2.637, 8.656), 
(1.0, 1.0, 1.0, 1.0, 1.0, 1.0, 1.0, 0.0, 1.0, 1.0, 1.0, 1.0), 
(3.227, 8.992, 5.818, 3.714, 3.476, 3.784, 3.004, 3.544, 1.891, 3.434, 7.008, 2.884), 
(1.0, 1.0, 1.0, 1.0, 1.0, 1.0, 0.0, 1.0), 
(4.753, 3.469, 7.019, 2.919, 5.718, 2.685, 2.508, 8.921), 
(1.0, 1.0, 1.0, 1.0), 
(3.341, 4.48, 8.542, 2.804), 
(1.0, 1.0, 1.0, 1.0, 1.0, 1.0), 
(10.34, 6.656, 7.134, 3.316, 17.668, 5.63), 
(1.0, 1.0, 0.0, 0.0), 
(4.542, 6.487, 5.533, 11.736), 
(1.0, 1.0), 
(3.897, 2.039), 