
(1.0, 1.0, 0.0, 0.0, 1.0, 1.0, 0.0, 1.0, 0.0, 1.0, 1.0, 1.0, 1.0, 1.0, 0.0, 1.0, 1.0, 1.0, 1.0, 1.0, 1.0, 1.0, 1.0, 1.0, 0.0, 1.0, 1.0, 1.0, 1.0, 1.0, 0.0, 1.0, 1.0, 1.0, 1.0, 1.0, 1.0, 1.0, 1.0, 1.0, 0.0, 1.0, 0.0, 0.0, 1.0, 1.0, 1.0, 1.0), 
(1.655, 2.043, 1.207, 1.915, 7.571, 2.995, 4.924, 2.249, 4.204, 3.071, 3.754, 6.519, 9.872, 5.685, 1.881, 2.818, 0.948, 2.529, 1.915, 2.524, 2.105, 2.462, 2.133, 3.347, 5.178, 1.487, 1.501, 1.894, 1.564, 2.638, 0.974, 1.335, 5.137, 2.49, 1.205, 1.568, 8.829, 1.397, 2.925, 1.546, 2.74, 2.424, 2.573, 1.936, 2.841, 3.989, 3.29, 2.31), 
(1.0, 1.0, 1.0, 1.0, 1.0, 1.0, 1.0, 1.0, 1.0, 1.0, 1.0, 1.0, 1.0, 1.0, 1.0, 1.0, 1.0, 1.0, 1.0, 1.0, 1.0, 1.0, 1.0, 1.0, 1.0, 1.0, 1.0, 1.0, 1.0, 1.0, 1.0, 1.0), 
(4.015, 2.448, 2.469, 1.974, 4.564, 3.887, 2.128, 2.588, 3.73, 5.236, 3.968, 2.333, 1.576, 3.139, 2.323, 2.497, 3.006, 2.029, 2.116, 3.358, 2.624, 3.457, 2.263, 1.924, 3.975, 6.423, 3.282, 2.688, 4.581, 2.193, 3.065, 2.821), 
(1.0, 1.0, 1.0, 1.0, 1.0, 1.0, 1.0, 1.0, 1.0, 1.0, 1.0, 1.0, 1.0, 1.0, 1.0, 1.0), 
(3.063, 11.356, 1.671, 2.776, 3.286, 3.505, 2.208, 2.074, 3.524, 4.745, 1.324, 1.664, 3.536, 10.464, 4.387, 1.692), 
(0.0, 0.0, 1.0, 1.0, 1.0, 0.0, 1.0, 1.0, 1.0, 0.0, 1.0, 0.0, 0.0, 1.0, 1.0, 0.0, 1.0, 0.0, 1.0, 0.0, 1.0, 0.0, 1.0, 1.0, 1.0, 0.0, 1.0), 
(3.447, 2.519, 1.36, 4.146, 3.413, 3.354, 3.427, 1.561, 1.803, 8.052, 2.019, 3.043, 2.831, 6.323, 1.543, 6.664, 4.067, 1.526, 5.025, 2.327, 1.81, 4.109, 6.71, 10.029, 3.426, 1.876, 3.717), 
(1.0, 1.0, 0.0, 1.0, 1.0, 1.0, 1.0, 1.0, 1.0, 1.0, 1.0, 1.0, 1.0, 1.0, 1.0, 1.0, 0.0, 1.0), 
(5.617, 5.431, 2.098, 3.546, 10.555, 4.771, 8.391, 1.458, 1.901, 4.112, 3.102, 1.868, 3.751, 2.529, 2.005, 2.119, 2.154, 2.183), 
(1.0, 1.0, 1.0, 0.0, 1.0, 1.0, 1.0, 0.0, 1.0), 
(3.295, 4.055, 4.729, 9.396, 5.441, 1.916, 2.612, 4.215, 2.215), 
(0.0, 1.0, 1.0, 1.0, 1.0, 1.0, 1.0, 0.0, 1.0, 1.0, 1.0, 1.0), 
(4.824, 2.461, 3.9, 4.848, 6.999, 4.665, 1.122, 1.691, 4.031, 4.056, 4.364, 3.544), 
(1.0, 1.0, 1.0, 1.0, 1.0, 1.0, 1.0, 1.0), 
(5.854, 5.052, 8.924, 4.3, 5.557, 2.994, 5.307, 2.951), 
(1.0, 1.0, 1.0, 1.0), 
(2.7, 2.997, 3.682, 7.345), 
(1.0, 1.0, 0.0, 1.0, 1.0, 1.0), 
(4.455, 7.242, 4.65, 3.336, 3.938, 8.265), 
(1.0, 1.0, 1.0, 1.0), 
(5.594, 5.267, 6.924, 2.717), 
(1.0, 1.0), 
(2.988, 4.261), 