
(1.0, 1.0, 0.0, 1.0, 1.0, 1.0, 0.0, 1.0, 1.0, 1.0, 1.0, 0.0, 0.0, 1.0, 0.0, 1.0, 0.0, 1.0, 1.0, 1.0, 0.0, 0.0, 1.0, 1.0, 1.0, 1.0, 0.0, 1.0, 1.0, 0.0, 1.0, 1.0, 1.0, 1.0, 1.0, 1.0, 1.0, 0.0, 1.0, 1.0, 0.0, 1.0, 0.0, 1.0, 0.0, 1.0, 1.0, 1.0), 
(4.253, 2.513, 1.516, 1.617, 1.419, 1.887, 3.21, 1.839, 3.635, 1.692, 2.642, 3.795, 10.017, 1.668, 4.387, 1.491, 3.745, 1.367, 2.043, 2.573, 3.397, 3.846, 1.598, 2.399, 3.588, 3.875, 1.535, 1.745, 2.02, 1.61, 3.239, 3.595, 1.641, 2.47, 1.316, 3.103, 2.481, 2.846, 2.791, 1.496, 3.0, 2.375, 5.018, 2.002, 5.097, 5.689, 2.919, 3.968), 
(1.0, 1.0, 1.0, 1.0, 1.0, 1.0, 1.0, 1.0, 1.0, 1.0, 1.0, 1.0, 0.0, 1.0, 1.0, 1.0, 1.0, 0.0, 1.0, 1.0, 0.0, 1.0, 1.0, 1.0, 0.0, 1.0, 1.0, 1.0, 1.0, 0.0, 1.0, 1.0), 
(2.441, 3.189, 3.525, 1.07, 2.971, 2.225, 2.219, 1.492, 3.996, 5.456, 1.516, 1.754, 2.998, 1.5, 1.444, 2.186, 7.91, 3.543, 2.252, 1.672, 7.097, 4.723, 1.694, 3.413, 6.577, 2.997, 3.182, 4.542, 1.485, 8.936, 5.579, 2.706), 
(0.0, 1.0, 1.0, 1.0, 1.0, 1.0, 1.0, 0.0, 1.0, 1.0, 1.0, 1.0, 1.0, 1.0, 0.0, 1.0), 
(16.115, 2.601, 2.541, 1.499, 18.846, 2.432, 1.39, 3.974, 2.21, 5.145, 2.061, 1.569, 3.677, 2.088, 11.316, 2.805), 
(1.0, 1.0, 1.0, 1.0, 1.0, 1.0, 1.0, 1.0, 1.0, 1.0, 1.0, 0.0, 0.0, 1.0, 1.0, 1.0, 1.0, 1.0, 1.0, 0.0, 1.0, 0.0, 1.0, 1.0, 1.0, 1.0, 1.0), 
(5.822, 2.114, 2.067, 2.677, 6.292, 3.954, 2.297, 2.428, 2.521, 5.739, 1.685, 1.712, 2.422, 2.347, 3.711, 4.567, 2.328, 1.601, 3.247, 2.537, 1.237, 8.847, 2.397, 3.996, 4.143, 4.235, 1.474), 
(0.0, 0.0, 1.0, 1.0, 1.0, 1.0, 0.0, 1.0, 1.0, 1.0, 1.0, 0.0, 0.0, 1.0, 1.0, 1.0, 0.0, 1.0), 
(3.45, 3.102, 1.596, 3.801, 8.172, 1.661, 10.301, 3.041, 3.538, 5.11, 1.687, 3.055, 2.762, 4.818, 4.576, 2.618, 1.641, 1.913), 
(1.0, 1.0, 0.0, 0.0, 1.0, 1.0, 1.0, 1.0, 1.0), 
(3.763, 5.629, 4.314, 4.97, 3.255, 2.707, 7.696, 2.702, 5.215), 
(1.0, 1.0, 1.0, 1.0, 1.0, 1.0, 1.0, 0.0, 1.0, 1.0, 1.0, 1.0), 
(5.044, 6.8, 6.003, 9.603, 4.391, 1.836, 2.086, 2.823, 2.735, 4.388, 3.787, 5.804), 
(1.0, 0.0, 1.0, 1.0, 1.0, 1.0, 0.0, 1.0), 
(4.005, 7.998, 3.812, 3.892, 3.01, 6.586, 2.768, 7.791), 
(1.0, 1.0, 1.0, 0.0), 
(16.585, 2.346, 4.604, 4.244), 
(1.0, 1.0, 1.0, 1.0, 0.0, 1.0), 
(1.424, 2.972, 4.373, 2.754, 2.414, 2.793), 
(1.0, 1.0, 1.0, 1.0), 
(6.443, 6.498, 3.231, 3.398), 
(1.0, 1.0), 
(2.937, 2.502), 